   0.0000000e+00   3.1000000e+02   2.8000000e+02   1.0000000e+02   1.0000000e+00   3.5000000e+02   3.0420000e+02   9.8000000e-01
   5.0000000e-02   3.3900000e+02   2.8000000e+02   1.0000000e+02   1.0000000e+00   3.5000000e+02   3.0419656e+02   9.7986731e-01
   1.0000000e-01   3.3900000e+02   2.8000000e+02   1.0000000e+02   1.0000000e+00   3.5000000e+02   3.0419351e+02   9.7974158e-01
   1.5000000e-01   3.3900000e+02   2.8000000e+02   1.0000000e+02   1.0000000e+00   3.5000000e+02   3.0419081e+02   9.7962241e-01
   2.0000000e-01   3.3900000e+02   2.8000000e+02   1.0000000e+02   1.0000000e+00   3.5000000e+02   3.0418842e+02   9.7950946e-01
   2.5000000e-01   3.3900000e+02   2.8000000e+02   1.0000000e+02   1.0000000e+00   3.5000000e+02   3.0418630e+02   9.7940237e-01
   3.0000000e-01   3.3900000e+02   2.8000000e+02   1.0000000e+02   1.0000000e+00   3.5000000e+02   3.0418442e+02   9.7930083e-01
   3.5000000e-01   3.3900000e+02   2.8000000e+02   1.0000000e+02   1.0000000e+00   3.5000000e+02   3.0418275e+02   9.7920455e-01
   4.0000000e-01   3.3900000e+02   2.8000000e+02   1.0000000e+02   1.0000000e+00   3.5000000e+02   3.0418127e+02   9.7911323e-01
   4.5000000e-01   3.3900000e+02   2.8000000e+02   1.0000000e+02   1.0000000e+00   3.5000000e+02   3.0417995e+02   9.7902660e-01
   5.0000000e-01   3.3900000e+02   2.8000000e+02   1.0000000e+02   1.0000000e+00   3.5000000e+02   3.0417877e+02   9.7894443e-01
   5.5000000e-01   3.3900000e+02   2.8000000e+02   1.0000000e+02   1.0000000e+00   3.5000000e+02   3.0417772e+02   9.7886648e-01
   6.0000000e-01   3.3900000e+02   2.8000000e+02   1.0000000e+02   1.0000000e+00   3.5000000e+02   3.0417678e+02   9.7879251e-01
   6.5000000e-01   3.3900000e+02   2.8000000e+02   1.0000000e+02   1.0000000e+00   3.5000000e+02   3.0417595e+02   9.7872233e-01
   7.0000000e-01   3.3900000e+02   2.8000000e+02   1.0000000e+02   1.0000000e+00   3.5000000e+02   3.0417520e+02   9.7865573e-01
   7.5000000e-01   3.3900000e+02   2.8000000e+02   1.0000000e+02   1.0000000e+00   3.5000000e+02   3.0417453e+02   9.7859252e-01
   8.0000000e-01   3.3900000e+02   2.8000000e+02   1.0000000e+02   1.0000000e+00   3.5000000e+02   3.0417393e+02   9.7853253e-01
   8.5000000e-01   3.3900000e+02   2.8000000e+02   1.0000000e+02   1.0000000e+00   3.5000000e+02   3.0417339e+02   9.7847559e-01
   9.0000000e-01   3.3900000e+02   2.8000000e+02   1.0000000e+02   1.0000000e+00   3.5000000e+02   3.0417290e+02   9.7842155e-01
   9.5000000e-01   3.3900000e+02   2.8000000e+02   1.0000000e+02   1.0000000e+00   3.5000000e+02   3.0417246e+02   9.7837025e-01
   1.0000000e+00   3.3900000e+02   2.8000000e+02   1.0000000e+02   1.0000000e+00   3.5000000e+02   3.0417207e+02   9.7832155e-01
   1.0500000e+00   3.3900000e+02   2.8000000e+02   1.0000000e+02   1.0000000e+00   3.5000000e+02   3.0417171e+02   9.7827532e-01
   1.1000000e+00   3.3900000e+02   2.8000000e+02   1.0000000e+02   1.0000000e+00   3.5000000e+02   3.0417139e+02   9.7823143e-01
   1.1500000e+00   3.3900000e+02   2.8000000e+02   1.0000000e+02   1.0000000e+00   3.5000000e+02   3.0417110e+02   9.7818976e-01
   1.2000000e+00   3.3900000e+02   2.8000000e+02   1.0000000e+02   1.0000000e+00   3.5000000e+02   3.0417083e+02   9.7815020e-01
   1.2500000e+00   3.3900000e+02   2.8000000e+02   1.0000000e+02   1.0000000e+00   3.5000000e+02   3.0417059e+02   9.7811263e-01
   1.3000000e+00   3.3900000e+02   2.8000000e+02   1.0000000e+02   1.0000000e+00   3.5000000e+02   3.0417037e+02   9.7807697e-01
   1.3500000e+00   3.3900000e+02   2.8000000e+02   1.0000000e+02   1.0000000e+00   3.5000000e+02   3.0417017e+02   9.7804310e-01
   1.4000000e+00   3.3900000e+02   2.8000000e+02   1.0000000e+02   1.0000000e+00   3.5000000e+02   3.0416999e+02   9.7801095e-01
   1.4500000e+00   3.3900000e+02   2.8000000e+02   1.0000000e+02   1.0000000e+00   3.5000000e+02   3.0416982e+02   9.7798041e-01
   1.5000000e+00   3.3900000e+02   2.8000000e+02   1.0000000e+02   1.0000000e+00   3.5000000e+02   3.0416967e+02   9.7795142e-01
   1.5500000e+00   3.3900000e+02   2.8000000e+02   1.0000000e+02   1.0000000e+00   3.5000000e+02   3.0416953e+02   9.7792388e-01
   1.6000000e+00   3.3900000e+02   2.8000000e+02   1.0000000e+02   1.0000000e+00   3.5000000e+02   3.0416940e+02   9.7789774e-01
   1.6500000e+00   3.3900000e+02   2.8000000e+02   1.0000000e+02   1.0000000e+00   3.5000000e+02   3.0416928e+02   9.7787291e-01
   1.7000000e+00   3.3900000e+02   2.8000000e+02   1.0000000e+02   1.0000000e+00   3.5000000e+02   3.0416917e+02   9.7784933e-01
   1.7500000e+00   3.3900000e+02   2.8000000e+02   1.0000000e+02   1.0000000e+00   3.5000000e+02   3.0416907e+02   9.7782693e-01
   1.8000000e+00   3.3900000e+02   2.8000000e+02   1.0000000e+02   1.0000000e+00   3.5000000e+02   3.0416897e+02   9.7780567e-01
   1.8500000e+00   3.3900000e+02   2.8000000e+02   1.0000000e+02   1.0000000e+00   3.5000000e+02   3.0416888e+02   9.7778547e-01
   1.9000000e+00   3.3900000e+02   2.8000000e+02   1.0000000e+02   1.0000000e+00   3.5000000e+02   3.0416880e+02   9.7776629e-01
   1.9500000e+00   3.3900000e+02   2.8000000e+02   1.0000000e+02   1.0000000e+00   3.5000000e+02   3.0416873e+02   9.7774808e-01
   2.0000000e+00   3.3900000e+02   2.8000000e+02   1.0000000e+02   1.0000000e+00   3.5000000e+02   3.0416866e+02   9.7773078e-01
   2.0500000e+00   3.3900000e+02   2.8000000e+02   1.0000000e+02   1.0000000e+00   3.5000000e+02   3.0416859e+02   9.7771435e-01
   2.1000000e+00   3.3900000e+02   2.8000000e+02   1.0000000e+02   1.0000000e+00   3.5000000e+02   3.0416853e+02   9.7769874e-01
   2.1500000e+00   3.3900000e+02   2.8000000e+02   1.0000000e+02   1.0000000e+00   3.5000000e+02   3.0416848e+02   9.7768392e-01
   2.2000000e+00   3.3900000e+02   2.8000000e+02   1.0000000e+02   1.0000000e+00   3.5000000e+02   3.0416842e+02   9.7766985e-01
   2.2500000e+00   3.3900000e+02   2.8000000e+02   1.0000000e+02   1.0000000e+00   3.5000000e+02   3.0416838e+02   9.7765648e-01
   2.3000000e+00   3.3900000e+02   2.8000000e+02   1.0000000e+02   1.0000000e+00   3.5000000e+02   3.0416833e+02   9.7764379e-01
   2.3500000e+00   3.3900000e+02   2.8000000e+02   1.0000000e+02   1.0000000e+00   3.5000000e+02   3.0416829e+02   9.7763173e-01
   2.4000000e+00   3.3900000e+02   2.8000000e+02   1.0000000e+02   1.0000000e+00   3.5000000e+02   3.0416825e+02   9.7762028e-01
   2.4500000e+00   3.3900000e+02   2.8000000e+02   1.0000000e+02   1.0000000e+00   3.5000000e+02   3.0416821e+02   9.7760940e-01
   2.5000000e+00   3.3900000e+02   2.8000000e+02   1.0000000e+02   1.0000000e+00   3.5000000e+02   3.0416817e+02   9.7759907e-01
   2.5500000e+00   3.3900000e+02   2.8000000e+02   1.0000000e+02   1.0000000e+00   3.5000000e+02   3.0416814e+02   9.7758925e-01
   2.6000000e+00   3.3900000e+02   2.8000000e+02   1.0000000e+02   1.0000000e+00   3.5000000e+02   3.0416811e+02   9.7757993e-01
   2.6500000e+00   3.3900000e+02   2.8000000e+02   1.0000000e+02   1.0000000e+00   3.5000000e+02   3.0416808e+02   9.7757108e-01
   2.7000000e+00   3.3900000e+02   2.8000000e+02   1.0000000e+02   1.0000000e+00   3.5000000e+02   3.0416805e+02   9.7756268e-01
   2.7500000e+00   3.3900000e+02   2.8000000e+02   1.0000000e+02   1.0000000e+00   3.5000000e+02   3.0416802e+02   9.7755469e-01
   2.8000000e+00   3.3900000e+02   2.8000000e+02   1.0000000e+02   1.0000000e+00   3.5000000e+02   3.0416800e+02   9.7754711e-01
   2.8500000e+00   3.3900000e+02   2.8000000e+02   1.0000000e+02   1.0000000e+00   3.5000000e+02   3.0416797e+02   9.7753990e-01
   2.9000000e+00   3.3900000e+02   2.8000000e+02   1.0000000e+02   1.0000000e+00   3.5000000e+02   3.0416795e+02   9.7753306e-01
   2.9500000e+00   3.3900000e+02   2.8000000e+02   1.0000000e+02   1.0000000e+00   3.5000000e+02   3.0416793e+02   9.7752656e-01
   3.0000000e+00   3.3900000e+02   2.8000000e+02   1.0000000e+02   1.0000000e+00   3.5000000e+02   3.0416791e+02   9.7752039e-01
   3.0500000e+00   3.3900000e+02   2.8000000e+02   1.0000000e+02   1.0000000e+00   3.5000000e+02   3.0416789e+02   9.7751453e-01
   3.1000000e+00   3.3900000e+02   2.8000000e+02   1.0000000e+02   1.0000000e+00   3.5000000e+02   3.0416788e+02   9.7750896e-01
   3.1500000e+00   3.3900000e+02   2.8000000e+02   1.0000000e+02   1.0000000e+00   3.5000000e+02   3.0416786e+02   9.7750367e-01
   3.2000000e+00   3.3900000e+02   2.8000000e+02   1.0000000e+02   1.0000000e+00   3.5000000e+02   3.0416784e+02   9.7749865e-01
   3.2500000e+00   3.3900000e+02   2.8000000e+02   1.0000000e+02   1.0000000e+00   3.5000000e+02   3.0416783e+02   9.7749388e-01
   3.3000000e+00   3.3900000e+02   2.8000000e+02   1.0000000e+02   1.0000000e+00   3.5000000e+02   3.0416781e+02   9.7748935e-01
   3.3500000e+00   3.3900000e+02   2.8000000e+02   1.0000000e+02   1.0000000e+00   3.5000000e+02   3.0416780e+02   9.7748504e-01
   3.4000000e+00   3.3900000e+02   2.8000000e+02   1.0000000e+02   1.0000000e+00   3.5000000e+02   3.0416779e+02   9.7748095e-01
   3.4500000e+00   3.3900000e+02   2.8000000e+02   1.0000000e+02   1.0000000e+00   3.5000000e+02   3.0416778e+02   9.7747707e-01
   3.5000000e+00   3.3900000e+02   2.8000000e+02   1.0000000e+02   1.0000000e+00   3.5000000e+02   3.0416776e+02   9.7747338e-01
   3.5500000e+00   3.3900000e+02   2.8000000e+02   1.0000000e+02   1.0000000e+00   3.5000000e+02   3.0416775e+02   9.7746988e-01
   3.6000000e+00   3.3900000e+02   2.8000000e+02   1.0000000e+02   1.0000000e+00   3.5000000e+02   3.0416774e+02   9.7746655e-01
   3.6500000e+00   3.3900000e+02   2.8000000e+02   1.0000000e+02   1.0000000e+00   3.5000000e+02   3.0416773e+02   9.7746339e-01
   3.7000000e+00   3.3900000e+02   2.8000000e+02   1.0000000e+02   1.0000000e+00   3.5000000e+02   3.0416772e+02   9.7746039e-01
   3.7500000e+00   3.3900000e+02   2.8000000e+02   1.0000000e+02   1.0000000e+00   3.5000000e+02   3.0416772e+02   9.7745754e-01
   3.8000000e+00   3.3900000e+02   2.8000000e+02   1.0000000e+02   1.0000000e+00   3.5000000e+02   3.0416771e+02   9.7745483e-01
   3.8500000e+00   3.3900000e+02   2.8000000e+02   1.0000000e+02   1.0000000e+00   3.5000000e+02   3.0416770e+02   9.7745226e-01
   3.9000000e+00   3.3900000e+02   2.8000000e+02   1.0000000e+02   1.0000000e+00   3.5000000e+02   3.0416769e+02   9.7744981e-01
   3.9500000e+00   3.3900000e+02   2.8000000e+02   1.0000000e+02   1.0000000e+00   3.5000000e+02   3.0416769e+02   9.7744749e-01
   4.0000000e+00   3.3900000e+02   2.8000000e+02   1.0000000e+02   1.0000000e+00   3.5000000e+02   3.0416768e+02   9.7744529e-01
   4.0500000e+00   3.3900000e+02   2.8000000e+02   1.0000000e+02   1.0000000e+00   3.5000000e+02   3.0416767e+02   9.7744320e-01
   4.1000000e+00   3.3900000e+02   2.8000000e+02   1.0000000e+02   1.0000000e+00   3.5000000e+02   3.0416767e+02   9.7744121e-01
   4.1500000e+00   3.3900000e+02   2.8000000e+02   1.0000000e+02   1.0000000e+00   3.5000000e+02   3.0416766e+02   9.7743932e-01
   4.2000000e+00   3.3900000e+02   2.8000000e+02   1.0000000e+02   1.0000000e+00   3.5000000e+02   3.0416766e+02   9.7743752e-01
   4.2500000e+00   3.3900000e+02   2.8000000e+02   1.0000000e+02   1.0000000e+00   3.5000000e+02   3.0416765e+02   9.7743582e-01
   4.3000000e+00   3.3900000e+02   2.8000000e+02   1.0000000e+02   1.0000000e+00   3.5000000e+02   3.0416765e+02   9.7743420e-01
   4.3500000e+00   3.3900000e+02   2.8000000e+02   1.0000000e+02   1.0000000e+00   3.5000000e+02   3.0416764e+02   9.7743267e-01
   4.4000000e+00   3.3900000e+02   2.8000000e+02   1.0000000e+02   1.0000000e+00   3.5000000e+02   3.0416764e+02   9.7743121e-01
   4.4500000e+00   3.3900000e+02   2.8000000e+02   1.0000000e+02   1.0000000e+00   3.5000000e+02   3.0416763e+02   9.7742982e-01
   4.5000000e+00   3.3900000e+02   2.8000000e+02   1.0000000e+02   1.0000000e+00   3.5000000e+02   3.0416763e+02   9.7742850e-01
   4.5500000e+00   3.3900000e+02   2.8000000e+02   1.0000000e+02   1.0000000e+00   3.5000000e+02   3.0416762e+02   9.7742725e-01
   4.6000000e+00   3.3900000e+02   2.8000000e+02   1.0000000e+02   1.0000000e+00   3.5000000e+02   3.0416762e+02   9.7742606e-01
   4.6500000e+00   3.3900000e+02   2.8000000e+02   1.0000000e+02   1.0000000e+00   3.5000000e+02   3.0416762e+02   9.7742493e-01
   4.7000000e+00   3.3900000e+02   2.8000000e+02   1.0000000e+02   1.0000000e+00   3.5000000e+02   3.0416761e+02   9.7742386e-01
   4.7500000e+00   3.3900000e+02   2.8000000e+02   1.0000000e+02   1.0000000e+00   3.5000000e+02   3.0416761e+02   9.7742284e-01
   4.8000000e+00   3.3900000e+02   2.8000000e+02   1.0000000e+02   1.0000000e+00   3.5000000e+02   3.0416761e+02   9.7742188e-01
   4.8500000e+00   3.3900000e+02   2.8000000e+02   1.0000000e+02   1.0000000e+00   3.5000000e+02   3.0416761e+02   9.7742096e-01
   4.9000000e+00   3.3900000e+02   2.8000000e+02   1.0000000e+02   1.0000000e+00   3.5000000e+02   3.0416760e+02   9.7742008e-01
   4.9500000e+00   3.3900000e+02   2.8000000e+02   1.0000000e+02   1.0000000e+00   3.5000000e+02   3.0416760e+02   9.7741926e-01
   5.0000000e+00   3.3900000e+02   2.8000000e+02   1.0000000e+02   1.0000000e+00   3.5000000e+02   3.0416760e+02   9.7741847e-01
