   0.0000000e+00   3.2000000e+02   2.8790000e+02   1.0000000e+02   1.0000000e+00   3.5000000e+02   3.0420000e+02   9.8000000e-01
   5.0000000e-02   3.2000000e+02   2.9126581e+02   1.0000000e+02   1.0000000e+00   3.5000000e+02   3.0514231e+02   9.7981803e-01
   1.0000000e-01   3.2000000e+02   2.9427148e+02   1.0000000e+02   1.0000000e+00   3.5000000e+02   3.0628189e+02   9.7952544e-01
   1.5000000e-01   3.2000000e+02   2.9690365e+02   1.0000000e+02   1.0000000e+00   3.5000000e+02   3.0756146e+02   9.7909436e-01
   2.0000000e-01   3.2000000e+02   2.9915863e+02   1.0000000e+02   1.0000000e+00   3.5000000e+02   3.0893115e+02   9.7849808e-01
   2.5000000e-01   3.2000000e+02   3.0104073e+02   1.0000000e+02   1.0000000e+00   3.5000000e+02   3.1034827e+02   9.7771137e-01
   3.0000000e-01   3.2000000e+02   3.0256074e+02   1.0000000e+02   1.0000000e+00   3.5000000e+02   3.1177680e+02   9.7671117e-01
   3.5000000e-01   3.2000000e+02   3.0373464e+02   1.0000000e+02   1.0000000e+00   3.5000000e+02   3.1318677e+02   9.7547763e-01
   4.0000000e-01   3.2000000e+02   3.0458256e+02   1.0000000e+02   1.0000000e+00   3.5000000e+02   3.1455361e+02   9.7399531e-01
   4.5000000e-01   3.2000000e+02   3.0512781e+02   1.0000000e+02   1.0000000e+00   3.5000000e+02   3.1585737e+02   9.7225442e-01
   5.0000000e-01   3.2000000e+02   3.0539622e+02   1.0000000e+02   1.0000000e+00   3.5000000e+02   3.1708210e+02   9.7025200e-01
   5.5000000e-01   3.2000000e+02   3.0541548e+02   1.0000000e+02   1.0000000e+00   3.5000000e+02   3.1821522e+02   9.6799290e-01
   6.0000000e-01   3.2000000e+02   3.0521463e+02   1.0000000e+02   1.0000000e+00   3.5000000e+02   3.1924697e+02   9.6549039e-01
   6.5000000e-01   3.2000000e+02   3.0482367e+02   1.0000000e+02   1.0000000e+00   3.5000000e+02   3.2017000e+02   9.6276641e-01
   7.0000000e-01   3.2000000e+02   3.0427308e+02   1.0000000e+02   1.0000000e+00   3.5000000e+02   3.2097908e+02   9.5985133e-01
   7.5000000e-01   3.2000000e+02   3.0359348e+02   1.0000000e+02   1.0000000e+00   3.5000000e+02   3.2167086e+02   9.5678313e-01
   8.0000000e-01   3.2000000e+02   3.0281518e+02   1.0000000e+02   1.0000000e+00   3.5000000e+02   3.2224382e+02   9.5360615e-01
   8.5000000e-01   3.2000000e+02   3.0196778e+02   1.0000000e+02   1.0000000e+00   3.5000000e+02   3.2269821e+02   9.5036932e-01
   9.0000000e-01   3.2000000e+02   3.0107966e+02   1.0000000e+02   1.0000000e+00   3.5000000e+02   3.2303609e+02   9.4712406e-01
   9.5000000e-01   3.2000000e+02   3.0017753e+02   1.0000000e+02   1.0000000e+00   3.5000000e+02   3.2326139e+02   9.4392192e-01
   1.0000000e+00   3.2000000e+02   2.9928597e+02   1.0000000e+02   1.0000000e+00   3.5000000e+02   3.2337989e+02   9.4081228e-01
   1.0500000e+00   3.2000000e+02   2.9842695e+02   1.0000000e+02   1.0000000e+00   3.5000000e+02   3.2339920e+02   9.3784003e-01
   1.1000000e+00   3.2000000e+02   2.9761947e+02   1.0000000e+02   1.0000000e+00   3.5000000e+02   3.2332867e+02   9.3504383e-01
   1.1500000e+00   3.2000000e+02   2.9687925e+02   1.0000000e+02   1.0000000e+00   3.5000000e+02   3.2317911e+02   9.3245464e-01
   1.2000000e+00   3.2000000e+02   2.9621856e+02   1.0000000e+02   1.0000000e+00   3.5000000e+02   3.2296254e+02   9.3009496e-01
   1.2500000e+00   3.2000000e+02   2.9564617e+02   1.0000000e+02   1.0000000e+00   3.5000000e+02   3.2269176e+02   9.2797864e-01
   1.3000000e+00   3.2000000e+02   2.9516740e+02   1.0000000e+02   1.0000000e+00   3.5000000e+02   3.2237994e+02   9.2611126e-01
   1.3500000e+00   3.2000000e+02   2.9478434e+02   1.0000000e+02   1.0000000e+00   3.5000000e+02   3.2204014e+02   9.2449086e-01
   1.4000000e+00   3.2000000e+02   2.9449614e+02   1.0000000e+02   1.0000000e+00   3.5000000e+02   3.2168490e+02   9.2310911e-01
   1.4500000e+00   3.2000000e+02   2.9429935e+02   1.0000000e+02   1.0000000e+00   3.5000000e+02   3.2132585e+02   9.2195252e-01
   1.5000000e+00   3.2000000e+02   2.9418841e+02   1.0000000e+02   1.0000000e+00   3.5000000e+02   3.2097340e+02   9.2100380e-01
   1.5500000e+00   3.2000000e+02   2.9415603e+02   1.0000000e+02   1.0000000e+00   3.5000000e+02   3.2063650e+02   9.2024307e-01
   1.6000000e+00   3.2000000e+02   2.9419365e+02   1.0000000e+02   1.0000000e+00   3.5000000e+02   3.2032257e+02   9.1964893e-01
   1.6500000e+00   3.2000000e+02   2.9429190e+02   1.0000000e+02   1.0000000e+00   3.5000000e+02   3.2003738e+02   9.1919947e-01
   1.7000000e+00   3.2000000e+02   2.9444094e+02   1.0000000e+02   1.0000000e+00   3.5000000e+02   3.1978513e+02   9.1887292e-01
   1.7500000e+00   3.2000000e+02   2.9463081e+02   1.0000000e+02   1.0000000e+00   3.5000000e+02   3.1956849e+02   9.1864832e-01
   1.8000000e+00   3.2000000e+02   2.9485178e+02   1.0000000e+02   1.0000000e+00   3.5000000e+02   3.1938879e+02   9.1850587e-01
   1.8500000e+00   3.2000000e+02   2.9509451e+02   1.0000000e+02   1.0000000e+00   3.5000000e+02   3.1924613e+02   9.1842721e-01
   1.9000000e+00   3.2000000e+02   2.9535032e+02   1.0000000e+02   1.0000000e+00   3.5000000e+02   3.1913956e+02   9.1839568e-01
   1.9500000e+00   3.2000000e+02   2.9561128e+02   1.0000000e+02   1.0000000e+00   3.5000000e+02   3.1906730e+02   9.1839633e-01
   2.0000000e+00   3.2000000e+02   2.9587035e+02   1.0000000e+02   1.0000000e+00   3.5000000e+02   3.1902688e+02   9.1841599e-01
   2.0500000e+00   3.2000000e+02   2.9612143e+02   1.0000000e+02   1.0000000e+00   3.5000000e+02   3.1901531e+02   9.1844331e-01
   2.1000000e+00   3.2000000e+02   2.9635938e+02   1.0000000e+02   1.0000000e+00   3.5000000e+02   3.1902926e+02   9.1846864e-01
   2.1500000e+00   3.2000000e+02   2.9658003e+02   1.0000000e+02   1.0000000e+00   3.5000000e+02   3.1906519e+02   9.1848402e-01
   2.2000000e+00   3.2000000e+02   2.9678016e+02   1.0000000e+02   1.0000000e+00   3.5000000e+02   3.1911946e+02   9.1848311e-01
   2.2500000e+00   3.2000000e+02   2.9695745e+02   1.0000000e+02   1.0000000e+00   3.5000000e+02   3.1918845e+02   9.1846105e-01
   2.3000000e+00   3.2000000e+02   2.9711041e+02   1.0000000e+02   1.0000000e+00   3.5000000e+02   3.1926864e+02   9.1841441e-01
   2.3500000e+00   3.2000000e+02   2.9723834e+02   1.0000000e+02   1.0000000e+00   3.5000000e+02   3.1935670e+02   9.1834104e-01
   2.4000000e+00   3.2000000e+02   2.9734123e+02   1.0000000e+02   1.0000000e+00   3.5000000e+02   3.1944952e+02   9.1823998e-01
   2.4500000e+00   3.2000000e+02   2.9741965e+02   1.0000000e+02   1.0000000e+00   3.5000000e+02   3.1954425e+02   9.1811132e-01
   2.5000000e+00   3.2000000e+02   2.9747472e+02   1.0000000e+02   1.0000000e+00   3.5000000e+02   3.1963838e+02   9.1795606e-01
   2.5500000e+00   3.2000000e+02   2.9750798e+02   1.0000000e+02   1.0000000e+00   3.5000000e+02   3.1972969e+02   9.1777600e-01
   2.6000000e+00   3.2000000e+02   2.9752130e+02   1.0000000e+02   1.0000000e+00   3.5000000e+02   3.1981632e+02   9.1757360e-01
   2.6500000e+00   3.2000000e+02   2.9751682e+02   1.0000000e+02   1.0000000e+00   3.5000000e+02   3.1989674e+02   9.1735181e-01
   2.7000000e+00   3.2000000e+02   2.9749684e+02   1.0000000e+02   1.0000000e+00   3.5000000e+02   3.1996975e+02   9.1711398e-01
   2.7500000e+00   3.2000000e+02   2.9746377e+02   1.0000000e+02   1.0000000e+00   3.5000000e+02   3.2003447e+02   9.1686368e-01
   2.8000000e+00   3.2000000e+02   2.9742005e+02   1.0000000e+02   1.0000000e+00   3.5000000e+02   3.2009032e+02   9.1660463e-01
   2.8500000e+00   3.2000000e+02   2.9736809e+02   1.0000000e+02   1.0000000e+00   3.5000000e+02   3.2013702e+02   9.1634053e-01
   2.9000000e+00   3.2000000e+02   2.9731021e+02   1.0000000e+02   1.0000000e+00   3.5000000e+02   3.2017452e+02   9.1607498e-01
   2.9500000e+00   3.2000000e+02   2.9724859e+02   1.0000000e+02   1.0000000e+00   3.5000000e+02   3.2020301e+02   9.1581142e-01
   3.0000000e+00   3.2000000e+02   2.9718524e+02   1.0000000e+02   1.0000000e+00   3.5000000e+02   3.2022288e+02   9.1555298e-01
   3.0500000e+00   3.2000000e+02   2.9712199e+02   1.0000000e+02   1.0000000e+00   3.5000000e+02   3.2023467e+02   9.1530250e-01
   3.1000000e+00   3.2000000e+02   2.9706043e+02   1.0000000e+02   1.0000000e+00   3.5000000e+02   3.2023907e+02   9.1506242e-01
   3.1500000e+00   3.2000000e+02   2.9700191e+02   1.0000000e+02   1.0000000e+00   3.5000000e+02   3.2023686e+02   9.1483479e-01
   3.2000000e+00   3.2000000e+02   2.9694756e+02   1.0000000e+02   1.0000000e+00   3.5000000e+02   3.2022890e+02   9.1462125e-01
   3.2500000e+00   3.2000000e+02   2.9689825e+02   1.0000000e+02   1.0000000e+00   3.5000000e+02   3.2021608e+02   9.1442301e-01
   3.3000000e+00   3.2000000e+02   2.9685464e+02   1.0000000e+02   1.0000000e+00   3.5000000e+02   3.2019932e+02   9.1424088e-01
   3.3500000e+00   3.2000000e+02   2.9681713e+02   1.0000000e+02   1.0000000e+00   3.5000000e+02   3.2017951e+02   9.1407529e-01
